251.0
250.0
256.0
256.0
260.0
266.0
270.0
273.0
275.0
277.0
285.0
283.0
291.0
290.0
297.0
301.0
306.0
308.0
312.0
314.0
320.0
322.0
325.0
333.0
338.0
337.0
344.0
347.0
348.0
352.0
361.0
362.0
367.0
370.0
374.0
376.0
380.0
382.0
387.0
391.0
394.0
401.0
407.0
408.0
413.0
415.0
417.0
428.0
430.0
432.0
437.0
442.0
444.0
450.0
454.0
458.0
459.0
466.0
472.0
473.0
474.0
486.0
486.0
491.0
493.0
499.0
501.0
509.0
512.0
516.0
522.0
524.0
527.0
530.0
535.0
540.0
544.0
552.0
551.0
555.0
563.0
566.0
570.0
577.0
578.0
585.0
586.0
591.0
596.0
601.0
605.0
609.0
615.0
619.0
622.0
626.0
629.0
635.0
643.0
646.0
647.0
654.0
659.0
663.0
666.0
672.0
675.0
680.0
684.0
687.0
693.0
697.0
701.0
705.0
708.0
714.0
718.0
724.0
726.0
734.0
737.0
740.0
745.0
747.0
754.0
756.0
763.0
765.0
773.0
779.0
783.0
784.0
787.0
796.0
796.0
800.0
807.0
808.0
814.0
821.0
824.0
829.0
831.0
833.0
841.0
844.0
847.0
853.0
856.0
863.0
863.0
869.0
873.0
880.0
881.0
887.0
892.0
897.0
899.0
902.0
907.0
912.0
919.0
922.0
927.0
927.0
935.0
938.0
940.0
945.0
952.0
955.0
955.0
961.0
967.0
972.0
975.0
977.0
984.0
984.0
992.0
996.0
1000.0
1001.0
1007.0
1011.0
1012.0
1017.0
1023.0
1026.0
1029.0
1036.0
1036.0
1043.0
1048.0
1048.0
1054.0
1057.0
1061.0
1063.0
1065.0
1072.0
1076.0
1078.0
1079.0
1085.0
1089.0
1092.0
1097.0
1101.0
1102.0
1106.0
1113.0
1114.0
1118.0
1121.0
1127.0
1126.0
1129.0
1134.0
1138.0
1141.0
1143.0
1147.0
1153.0
1155.0
1156.0
1159.0
1165.0
1167.0
1171.0
1176.0
1177.0
1178.0
1184.0
1184.0
1188.0
1191.0
1194.0
1201.0
1204.0
1203.0
1205.0
1211.0
1213.0
1216.0
1219.0
1219.0
1225.0
1228.0
1230.0
1229.0
1234.0
1237.0
1241.0
1243.0
1244.0
1248.0
1251.0
1253.0
1255.0
1257.0
1260.0
1262.0
1267.0
1266.0
1266.0
1274.0
1275.0
1275.0
1279.0
1285.0
1284.0
1286.0
1286.0
1287.0
1292.0
1293.0
1296.0
1298.0
1299.0
1301.0
1305.0
1307.0
1307.0
1314.0
1314.0
1318.0
1314.0
1322.0
1320.0
1319.0
1325.0
1326.0
1325.0
1332.0
1329.0
1332.0
1332.0
1336.0
1336.0
1338.0
1338.0
1341.0
1341.0
1346.0
1344.0
1348.0
1351.0
1353.0
1353.0
1352.0
1354.0
1355.0
1355.0
1357.0
1357.0
1359.0
1361.0
1361.0
1362.0
1365.0
1365.0
1368.0
1369.0
1365.0
1368.0
1373.0
1368.0
1369.0
1373.0
1372.0
1371.0
1373.0
1375.0
1372.0
1377.0
1374.0
1377.0
1376.0
1379.0
1376.0
1369.0
1379.0
1381.0
1382.0
1380.0
1378.0
1380.0
1381.0
1380.0
1380.0
1384.0
1384.0
1382.0
1385.0
1384.0
1384.0
1383.0
1383.0
1382.0
1385.0
1384.0
1379.0
1384.0
1383.0
1381.0
1380.0
1380.0
1382.0
1379.0
1381.0
1378.0
1381.0
1377.0
1378.0
1376.0
1376.0
1377.0
1378.0
1375.0
1373.0
1373.0
1375.0
1374.0
1373.0
1373.0
1371.0
1371.0
1370.0
1370.0
1368.0
1367.0
1366.0
1365.0
1364.0
1362.0
1358.0
1362.0
1360.0
1359.0
1354.0
1358.0
1354.0
1355.0
1353.0
1352.0
1347.0
1349.0
1347.0
1347.0
1345.0
1347.0
1343.0
1344.0
1341.0
1339.0
1335.0
1335.0
1332.0
1329.0
1328.0
1325.0
1326.0
1325.0
1322.0
1319.0
1316.0
1319.0
1317.0
1312.0
1312.0
1312.0
1306.0
1307.0
1299.0
1304.0
1301.0
1298.0
1293.0
1289.0
1293.0
1289.0
1285.0
1283.0
1281.0
1281.0
1279.0
1278.0
1273.0
1271.0
1265.0
1266.0
1262.0
1262.0
1257.0
1258.0
1251.0
1250.0
1249.0
1248.0
1240.0
1237.0
1238.0
1237.0
1233.0
1232.0
1227.0
1225.0
1221.0
1217.0
1213.0
1212.0
1208.0
1205.0
1205.0
1204.0
1197.0
1193.0
1190.0
1190.0
1186.0
1180.0
1181.0
1176.0
1175.0
1169.0
1168.0
1165.0
1164.0
1157.0
1154.0
1151.0
1147.0
1145.0
1143.0
1140.0
1139.0
1131.0
1130.0
1126.0
1120.0
1115.0
1113.0
1110.0
1108.0
1107.0
1103.0
1101.0
1092.0
1090.0
1086.0
1082.0
1081.0
1076.0
1072.0
1072.0
1064.0
1065.0
1056.0
1056.0
1052.0
1046.0
1043.0
1041.0
1035.0
1031.0
1025.0
1024.0
1019.0
1014.0
1011.0
1003.0
1003.0
999.0
1000.0
993.0
990.0
982.0
980.0
975.0
969.0
971.0
963.0
961.0
955.0
951.0
946.0
943.0
936.0
933.0
931.0
930.0
923.0
917.0
914.0
906.0
905.0
901.0
898.0
895.0
887.0
884.0
880.0
878.0
871.0
869.0
863.0
858.0
859.0
850.0
846.0
840.0
841.0
831.0
831.0
825.0
821.0
819.0
812.0
805.0
804.0
801.0
793.0
792.0
784.0
778.0
778.0
777.0
770.0
766.0
762.0
754.0
750.0
749.0
746.0
737.0
734.0
730.0
728.0
721.0
718.0
712.0
708.0
701.0
699.0
695.0
687.0
687.0
681.0
676.0
672.0
667.0
665.0
658.0
654.0
652.0
645.0
639.0
636.0
631.0
625.0
626.0
623.0
616.0
612.0
606.0
600.0
596.0
595.0
590.0
589.0
583.0
576.0
572.0
569.0
563.0
560.0
553.0
551.0
546.0
545.0
540.0
534.0
529.0
525.0
520.0
515.0
513.0
512.0
505.0
499.0
496.0
493.0
487.0
483.0
479.0
476.0
470.0
470.0
462.0
456.0
455.0
451.0
445.0
440.0
439.0
437.0
427.0
425.0
423.0
418.0
409.0
409.0
406.0
405.0
396.0
397.0
388.0
388.0
381.0
378.0
375.0
373.0
364.0
366.0
361.0
356.0
351.0
344.0
345.0
340.0
337.0
332.0
329.0
328.0
317.0
313.0
312.0
309.0
304.0
303.0
299.0
294.0
296.0
289.0
282.0
284.0
277.0
269.0
270.0
268.0
263.0
261.0
253.0
252.0
246.0
247.0
238.0
240.0
236.0
231.0
229.0
224.0
223.0
218.0
218.0
210.0
209.0
206.0
202.0
199.0
198.0
193.0
189.0
190.0
184.0
177.0
174.0
173.0
171.0
171.0
164.0
163.0
160.0
157.0
154.0
151.0
149.0
147.0
143.0
138.0
134.0
131.0
130.0
131.0
126.0
123.0
115.0
120.0
114.0
115.0
112.0
113.0
108.0
106.0
100.0
100.0
95.0
93.0
92.0
90.0
87.0
85.0
84.0
81.0
79.0
77.0
75.0
72.0
72.0
69.0
67.0
64.0
60.0
63.0
59.0
59.0
55.0
53.0
55.0
49.0
48.0
46.0
45.0
43.0
40.0
37.0
38.0
34.0
34.0
32.0
28.0
29.0
28.0
29.0
25.0
25.0
24.0
26.0
22.0
20.0
19.0
19.0
16.0
16.0
14.0
13.0
13.0
10.0
10.0
8.0
7.0
6.0
5.0
4.0
7.0
3.0
1.0
2.0
4.0
1.0
0.0
0.0
0.0
0.0
0.0
0.0
0.0
0.0
0.0
0.0
0.0
0.0
0.0
0.0
0.0
0.0
0.0
0.0
0.0
0.0
0.0
0.0
0.0
0.0
0.0
0.0
0.0
0.0
0.0
0.0
0.0
0.0
0.0
0.0
0.0
0.0
0.0
0.0
0.0
0.0
0.0
0.0
0.0
0.0
0.0
0.0
0.0
0.0
0.0
1.0
0.0
3.0
3.0
0.0
2.0
2.0
3.0
5.0
6.0
8.0
9.0
10.0
9.0
13.0
12.0
9.0
16.0
14.0
21.0
20.0
21.0
21.0
22.0
26.0
25.0
24.0
25.0
28.0
30.0
32.0
33.0
34.0
34.0
37.0
38.0
41.0
44.0
43.0
50.0
48.0
52.0
52.0
56.0
53.0
59.0
56.0
62.0
62.0
65.0
68.0
68.0
68.0
72.0
79.0
79.0
77.0
78.0
85.0
87.0
93.0
94.0
94.0
92.0
98.0
100.0
104.0
105.0
106.0
111.0
112.0
115.0
114.0
118.0
122.0
128.0
124.0
128.0
129.0
133.0
136.0
139.0
144.0
150.0
150.0
150.0
156.0
157.0
162.0
164.0
167.0
168.0
169.0
175.0
178.0
181.0
186.0
187.0
189.0
192.0
195.0
199.0
204.0
204.0
208.0
213.0
218.0
221.0
221.0
224.0
229.0
234.0
239.0
240.0
244.0
247.0
250.0
257.0
258.0
262.0
262.0
265.0
272.0
277.0
277.0
278.0
282.0
289.0
289.0
295.0
301.0
302.0
306.0
308.0
316.0
317.0
321.0
323.0
333.0
330.0
338.0
343.0
342.0
348.0
353.0
353.0
359.0
366.0
372.0
374.0
373.0
376.0
385.0
385.0
391.0
395.0
396.0
403.0
406.0
410.0
416.0
417.0
423.0
425.0
430.0
434.0
442.0
443.0
445.0
452.0
455.0
461.0
463.0
468.0
472.0
478.0
483.0
485.0
487.0
490.0
498.0
499.0
504.0
512.0
513.0
518.0
524.0
525.0
526.0
537.0
541.0
547.0
550.0
550.0
554.0
561.0
564.0
570.0
572.0
579.0
584.0
588.0
587.0
596.0
598.0
607.0
610.0
615.0
616.0
621.0
624.0
629.0
634.0
636.0
645.0
646.0
652.0
654.0
663.0
661.0
669.0
671.0
679.0
684.0
687.0
691.0
696.0
699.0
703.0
710.0
714.0
716.0
721.0
725.0
730.0
736.0
738.0
744.0
750.0
751.0
757.0
758.0
763.0
770.0
775.0
775.0
784.0
791.0
794.0
795.0
800.0
801.0
808.0
813.0
817.0
825.0
825.0
832.0
835.0
841.0
843.0
847.0
852.0
857.0
861.0
865.0
868.0
875.0
878.0
884.0
885.0
890.0
896.0
898.0
901.0
904.0
911.0
916.0
919.0
923.0
928.0
930.0
937.0
941.0
942.0
947.0
952.0
955.0
958.0
966.0
968.0
974.0
978.0
978.0
988.0
991.0
988.0
998.0
1001.0
1007.0
1009.0
1012.0
1016.0
1024.0
1024.0
1029.0
1035.0
1033.0
1041.0
1044.0
1045.0
1052.0
1053.0
1056.0
1064.0
1065.0
1072.0
1074.0
1078.0
1078.0
1082.0
1089.0
1090.0
1095.0
1096.0
1104.0
1104.0
1106.0
1110.0
1118.0
1121.0
1122.0
1125.0
1129.0
1133.0
1137.0
1142.0
1142.0
1147.0
1144.0
1152.0
1156.0
1159.0
1163.0
1164.0
1168.0
1173.0
1177.0
1179.0
1184.0
1186.0
1187.0
1191.0
1192.0
1198.0
1197.0
1203.0
1202.0
1209.0
1213.0
1212.0
1215.0
1219.0
1223.0
1226.0
1227.0
1232.0
1234.0
1235.0
1239.0
1239.0
1241.0
1247.0
1248.0
1253.0
1253.0
1259.0
1256.0
1259.0
1263.0
1267.0
1270.0
1271.0
1275.0
1275.0
1280.0
1278.0
1284.0
1284.0
1289.0
1288.0
1289.0
1292.0
1299.0
1297.0
1299.0
1302.0
1304.0
1306.0
1307.0
1311.0
1307.0
1314.0
1316.0
1321.0
1319.0
1318.0
1321.0
1323.0
1322.0
1327.0
1333.0
1330.0
1332.0
1332.0
1333.0
1338.0
1338.0
1342.0
1345.0
1343.0
1345.0
1349.0
1345.0
1349.0
1352.0
1352.0
1354.0
1354.0
1356.0
1356.0
1358.0
1359.0
1359.0
1361.0
1361.0
1363.0
1364.0
1364.0
1367.0
1368.0
1368.0
1371.0
1370.0
1369.0
1370.0
1373.0
1372.0
1371.0
1374.0
1375.0
1373.0
1377.0
1378.0
1377.0
1376.0
1379.0
1378.0
1380.0
1378.0
1381.0
1378.0
1381.0
1381.0
1379.0
1381.0
1379.0
1384.0
1381.0
1385.0
1385.0
1382.0
1382.0
1382.0
1385.0
1381.0
1381.0
1381.0
1382.0
1382.0
1384.0
1379.0
1380.0
1382.0
1381.0
1384.0
1381.0
1381.0
1383.0
1381.0
1378.0
1376.0
1377.0
1377.0
1376.0
1377.0
1375.0
1375.0
1373.0
1371.0
1371.0
1370.0
1371.0
1369.0
1371.0
1371.0
1366.0
1369.0
1369.0
1365.0
1364.0
1367.0
1363.0
1361.0
1361.0
1358.0
1356.0
1355.0
1354.0
1355.0
1354.0
1352.0
1349.0
1351.0
1347.0
1347.0
1345.0
1342.0
1343.0
1341.0
1337.0
1339.0
1335.0
1332.0
1331.0
1332.0
1328.0
1329.0
1327.0
1323.0
1323.0
1320.0
1321.0
1319.0
1314.0
1313.0
1313.0
1311.0
1306.0
1308.0
1304.0
1303.0
1299.0
1296.0
1295.0
1293.0
1291.0
1289.0
1286.0
1284.0
1281.0
1281.0
1283.0
1278.0
1277.0
1271.0
1269.0
1264.0
1261.0
1263.0
1259.0
1259.0
1253.0
1255.0
1248.0
1248.0
1241.0
1241.0
1240.0
1237.0
1230.0
1232.0
1230.0
1223.0
1221.0
1219.0
1214.0
1213.0
1216.0
1210.0
1206.0
1201.0
1200.0
1195.0
1191.0
1192.0
1187.0
1186.0
1182.0
1179.0
1175.0
1171.0
1168.0
1166.0
1160.0
1157.0
1156.0
1153.0
1147.0
1147.0
1144.0
1141.0
1138.0
1135.0
1130.0
1130.0
1124.0
1120.0
1116.0
1114.0
1111.0
1102.0
1103.0
1100.0
1096.0
1093.0
1090.0
1088.0
1082.0
1077.0
1075.0
1071.0
1067.0
1063.0
1064.0
1056.0
1056.0
1048.0
1045.0
1040.0
1039.0
1035.0
1030.0
1025.0
1021.0
1015.0
1012.0
1008.0
1007.0
1001.0
997.0
995.0
987.0
985.0
979.0
978.0
973.0
974.0
966.0
964.0
957.0
955.0
946.0
944.0
941.0
937.0
937.0
927.0
928.0
921.0
919.0
911.0
907.0
902.0
901.0
898.0
890.0
886.0
883.0
879.0
876.0
870.0
867.0
866.0
857.0
855.0
851.0
842.0
840.0
834.0
835.0
830.0
821.0
822.0
813.0
807.0
806.0
800.0
801.0
793.0
788.0
782.0
780.0
773.0
774.0
769.0
761.0
760.0
754.0
749.0
747.0
741.0
734.0
730.0
729.0
725.0
718.0
714.0
709.0
705.0
701.0
695.0
690.0
689.0
686.0
679.0
675.0
671.0
667.0
661.0
657.0
653.0
647.0
645.0
642.0
637.0
633.0
625.0
624.0
619.0
613.0
611.0
603.0
603.0
595.0
592.0
589.0
584.0
578.0
572.0
569.0
567.0
561.0
554.0
552.0
551.0
545.0
542.0
536.0
531.0
526.0
521.0
520.0
516.0
514.0
506.0
501.0
499.0
492.0
489.0
485.0
481.0
477.0
474.0
470.0
464.0
460.0
456.0
452.0
449.0
446.0
440.0
439.0
430.0
426.0
420.0
422.0
414.0
414.0
408.0
406.0
398.0
393.0
393.0
385.0
382.0
379.0
378.0
371.0
368.0
360.0
360.0
357.0
351.0
349.0
344.0
340.0
335.0
334.0
330.0
326.0
323.0
318.0
317.0
311.0
306.0
305.0
299.0
300.0
294.0
289.0
287.0
281.0
276.0
276.0
270.0
271.0
264.0
259.0
253.0
258.0
253.0
245.0
244.0
238.0
239.0
232.0
229.0
228.0
224.0
220.0
215.0
214.0
210.0
206.0
205.0
196.0
196.0
196.0
190.0
186.0
183.0
182.0
176.0
175.0
172.0
170.0
164.0
165.0
161.0
161.0
156.0
153.0
152.0
150.0
146.0
144.0
140.0
139.0
133.0
133.0
128.0
128.0
128.0
123.0
118.0
115.0
114.0
111.0
106.0
104.0
104.0
103.0
99.0
96.0
92.0
94.0
90.0
86.0
85.0
80.0
81.0
78.0
78.0
71.0
70.0
71.0
66.0
65.0
67.0
62.0
59.0
61.0
55.0
54.0
53.0
49.0
48.0
48.0
43.0
44.0
41.0
44.0
38.0
37.0
37.0
33.0
35.0
30.0
32.0
30.0
26.0
24.0
24.0
25.0
21.0
22.0
21.0
20.0
16.0
15.0
14.0
14.0
12.0
10.0
8.0
9.0
7.0
6.0
8.0
5.0
3.0
5.0
0.0
2.0
0.0
0.0
0.0
0.0
0.0
0.0
0.0
0.0
0.0
0.0
0.0
0.0
0.0
0.0
0.0
0.0
0.0
0.0
0.0
0.0
0.0
0.0
0.0
0.0
0.0
0.0
0.0
0.0
0.0
0.0
0.0
0.0
0.0
0.0
0.0
0.0
0.0
0.0
0.0
0.0
0.0
0.0
0.0
0.0
0.0
0.0
0.0
0.0
0.0
0.0
0.0
0.0
0.0
3.0
1.0
0.0
1.0
4.0
3.0
5.0
6.0
5.0
9.0
11.0
6.0
9.0
11.0
13.0
16.0
16.0
17.0
18.0
17.0
22.0
21.0
22.0
26.0
25.0
27.0
27.0
29.0
28.0
30.0
33.0
35.0
39.0
40.0
43.0
39.0
45.0
45.0
45.0
51.0
53.0
51.0
55.0
56.0
57.0
57.0
61.0
64.0
65.0
66.0
70.0
69.0
71.0
77.0
78.0
81.0
82.0
83.0
87.0
90.0
92.0
92.0
96.0
98.0
99.0
102.0
103.0
105.0
105.0
112.0
115.0
121.0
123.0
125.0
124.0
125.0
131.0
130.0
136.0
138.0
142.0
146.0
145.0
152.0
154.0
154.0
162.0
161.0
164.0
168.0
172.0
174.0
177.0
180.0
181.0
183.0
185.0
190.0
193.0
200.0
200.0
202.0
206.0
212.0
213.0
216.0
223.0
225.0
228.0
230.0
231.0
238.0
239.0
241.0
249.0
252.0
253.0
256.0
260.0
264.0
268.0
272.0
277.0
277.0
284.0
285.0
290.0
290.0
296.0
303.0
304.0
305.0
312.0
313.0
318.0
325.0
323.0
332.0
334.0
337.0
343.0
345.0
350.0
351.0
358.0
361.0
366.0
369.0
374.0
378.0
380.0
382.0
386.0
392.0
394.0
401.0
403.0
406.0
412.0
415.0
420.0
424.0
428.0
432.0
436.0
440.0
448.0
449.0
452.0
456.0
459.0
464.0
470.0
472.0
477.0
482.0
487.0
491.0
493.0
498.0
504.0
508.0
512.0
513.0
521.0
522.0
528.0
532.0
537.0
541.0
545.0
551.0
551.0
556.0
561.0
565.0
569.0
575.0
578.0
584.0
587.0
592.0
594.0
601.0
604.0
611.0
614.0
617.0
622.0
627.0
631.0
633.0
638.0
646.0
643.0
652.0
659.0
662.0
666.0
669.0
678.0
679.0
684.0
690.0
691.0
695.0
700.0
708.0
709.0
713.0
717.0
724.0
726.0
730.0
737.0
739.0
743.0
749.0
754.0
760.0
764.0
764.0
769.0
775.0
781.0
784.0
789.0
792.0
794.0
803.0
808.0
811.0
814.0
817.0
824.0
829.0
833.0
835.0
841.0
844.0
849.0
855.0
856.0
863.0
865.0
870.0
875.0
877.0
882.0
891.0
891.0
894.0
902.0
902.0
909.0
912.0
916.0
918.0
925.0
929.0
931.0
937.0
940.0
947.0
949.0
955.0
956.0
960.0
964.0
969.0
973.0
979.0
984.0
985.0
986.0
994.0
997.0
1005.0
1008.0
1008.0
1012.0
1015.0
1021.0
1024.0
1031.0
1028.0
1037.0
1041.0
1045.0
1051.0
1054.0
1055.0
1062.0
1061.0
1067.0
1072.0
1075.0
1079.0
1081.0
1086.0
1090.0
1093.0
1096.0
1101.0
1101.0
1106.0
1111.0
1110.0
1119.0
1117.0
1123.0
1123.0
1130.0
1133.0
1135.0
1139.0
1145.0
1145.0
1150.0
1153.0
1157.0
1158.0
1162.0
1167.0
1168.0
1173.0
1176.0
1178.0
1182.0
1187.0
1185.0
1192.0
1194.0
1194.0
1197.0
1202.0
1204.0
1210.0
1212.0
1215.0
1216.0
1218.0
1222.0
1224.0
1228.0
1232.0
1233.0
1235.0
1240.0
1240.0
1243.0
1245.0
1247.0
1250.0
1255.0
1257.0
1259.0
1258.0
1260.0
1266.0
1269.0
1272.0
1275.0
1279.0
1278.0
1279.0
1284.0
1287.0
1285.0
1287.0
1294.0
1293.0
1296.0
1297.0
1300.0
1305.0
1304.0
1306.0
1307.0
1311.0
1313.0
1315.0
1316.0
1320.0
1318.0
1321.0
1324.0
1326.0
1326.0
1325.0
1331.0
1330.0
1333.0
1331.0
1334.0
1339.0
1339.0
1338.0
1341.0
1345.0
1344.0
1348.0
1348.0
1349.0
1349.0
1351.0
1354.0
1353.0
1357.0
1354.0
1359.0
1361.0
1360.0
1361.0
1361.0
1363.0
1364.0
1364.0
1366.0
1367.0
1366.0
1367.0
1372.0
1369.0
1372.0
1370.0
1371.0
1373.0
1374.0
1373.0
1374.0
1375.0
1378.0
1378.0
1376.0
1379.0
1379.0
1378.0
1380.0
1381.0
1382.0
1382.0
1380.0
1379.0
1380.0
1381.0
1384.0
1384.0
1382.0
1383.0
1385.0
1383.0
1383.0
1383.0
1384.0
1384.0
1384.0
1382.0
1387.0
1385.0
1382.0
1378.0
1378.0
1380.0
1381.0
1380.0
1379.0
1378.0
1377.0
1378.0
1379.0
1377.0
1378.0
1376.0
1372.0
1375.0
1374.0
1377.0
1373.0
1373.0
1370.0
1372.0
1371.0
1370.0
1370.0
1368.0
1368.0
1368.0
1361.0
1362.0
1365.0
1365.0
1359.0
1358.0
1357.0
1355.0
1355.0
1357.0
1351.0
1355.0
1352.0
1350.0
1347.0
1348.0
1349.0
1342.0
1342.0
1340.0
1341.0
1337.0
1340.0
1333.0
1329.0
1333.0
1329.0
1329.0
1326.0
1325.0
1324.0
1321.0
1321.0
1318.0
1317.0
1318.0
1314.0
1311.0
1310.0
1308.0
1304.0
1308.0
1302.0
1297.0
1297.0
1299.0
1295.0
1290.0
1291.0
1288.0
1285.0
1282.0
1280.0
1280.0
1277.0
1277.0
1275.0
1268.0
1265.0
1261.0
1261.0
1261.0
1256.0
1253.0
1251.0
1247.0
1243.0
1245.0
1237.0
1237.0
1233.0
1233.0
1231.0
1228.0
1224.0
1222.0
1215.0
1218.0
1215.0
1212.0
1208.0
1209.0
1200.0
1199.0
1194.0
1194.0
1192.0
1187.0
1185.0
1183.0
1178.0
1176.0
1171.0
1168.0
1164.0
1161.0
1162.0
1156.0
1155.0
1148.0
1145.0
1142.0
1140.0
1137.0
1132.0
1132.0
1127.0
1120.0
1117.0
1117.0
1112.0
1110.0
1106.0
1102.0
1102.0
1092.0
1092.0
1091.0
1083.0
1079.0
1078.0
1076.0
1069.0
1059.0
1064.0
1059.0
1055.0
1051.0
1049.0
1041.0
1041.0
1036.0
1035.0
1026.0
1027.0
1018.0
1015.0
1012.0
1011.0
1005.0
1003.0
998.0
994.0
987.0
987.0
981.0
974.0
972.0
971.0
968.0
964.0
958.0
954.0
947.0
946.0
938.0
934.0
934.0
928.0
921.0
920.0
919.0
911.0
906.0
903.0
900.0
896.0
892.0
885.0
883.0
874.0
874.0
869.0
864.0
862.0
856.0
853.0
851.0
844.0
840.0
835.0
831.0
826.0
824.0
819.0
813.0
811.0
807.0
801.0
800.0
795.0
788.0
784.0
781.0
776.0
773.0
765.0
759.0
756.0
753.0
747.0
744.0
739.0
735.0
731.0
726.0
723.0
717.0
713.0
706.0
702.0
702.0
693.0
691.0
689.0
684.0
678.0
675.0
669.0
666.0
658.0
654.0
652.0
647.0
645.0
644.0
635.0
631.0
627.0
621.0
619.0
613.0
607.0
603.0
597.0
596.0
592.0
588.0
586.0
576.0
571.0
572.0
565.0
563.0
557.0
553.0
549.0
546.0
541.0
535.0
526.0
527.0
521.0
516.0
518.0
509.0
507.0
501.0
497.0
493.0
487.0
483.0
481.0
475.0
475.0
467.0
464.0
461.0
458.0
451.0
444.0
446.0
439.0
437.0
432.0
427.0
424.0
420.0
414.0
412.0
411.0
402.0
400.0
395.0
392.0
389.0
386.0
373.0
376.0
373.0
368.0
364.0
361.0
356.0
351.0
347.0
342.0
337.0
338.0
334.0
333.0
325.0
323.0
317.0
313.0
309.0
304.0
305.0
298.0
300.0
295.0
288.0
286.0
281.0
278.0
275.0
272.0
268.0
267.0
259.0
252.0
256.0
250.0
243.0
243.0
239.0
236.0
234.0
230.0
224.0
224.0
218.0
216.0
214.0
208.0
204.0
203.0
198.0
197.0
192.0
191.0
185.0
187.0
182.0
180.0
175.0
171.0
166.0
165.0
164.0
161.0
158.0
153.0
152.0
148.0
147.0
145.0
142.0
139.0
136.0
133.0
132.0
128.0
126.0
120.0
122.0
117.0
115.0
111.0
110.0
106.0
104.0
103.0
98.0
98.0
97.0
93.0
93.0
88.0
90.0
82.0
83.0
79.0
78.0
76.0
73.0
71.0
66.0
68.0
66.0
64.0
60.0
58.0
56.0
54.0
58.0
52.0
48.0
52.0
48.0
44.0
45.0
40.0
40.0
36.0
35.0
36.0
32.0
34.0
32.0
32.0
28.0
28.0
25.0
21.0
24.0
20.0
20.0
19.0
17.0
16.0
16.0
16.0
14.0
11.0
12.0
12.0
12.0
8.0
7.0
8.0
4.0
4.0
4.0
0.0
2.0
3.0
1.0
0.0
0.0
0.0
0.0
0.0
0.0
0.0
0.0
0.0
0.0
0.0
0.0
0.0
0.0
0.0
0.0
0.0
0.0
0.0
0.0
0.0
0.0
0.0
0.0
0.0
0.0
0.0
0.0
0.0
0.0
0.0
0.0
0.0
0.0
0.0
0.0
0.0
0.0
0.0
0.0
0.0
0.0
0.0
0.0
0.0
0.0
0.0
0.0
0.0
1.0
0.0
3.0
1.0
1.0
5.0
5.0
4.0
4.0
4.0
8.0
7.0
10.0
7.0
10.0
11.0
13.0
14.0
15.0
17.0
19.0
18.0
21.0
23.0
24.0
24.0
24.0
26.0
28.0
32.0
33.0
34.0
35.0
36.0
40.0
40.0
41.0
40.0
44.0
45.0
45.0
52.0
51.0
52.0
57.0
60.0
56.0
58.0
61.0
64.0
66.0
67.0
70.0
75.0
76.0
77.0
78.0
82.0
81.0
85.0
89.0
91.0
94.0
94.0
94.0
101.0
101.0
106.0
106.0
106.0
111.0
113.0
115.0
119.0
120.0
122.0
128.0
131.0
131.0
135.0
134.0
139.0
142.0
146.0
149.0
152.0
151.0
158.0
161.0
164.0
167.0
167.0
170.0
172.0
176.0
180.0
175.0
184.0
188.0
195.0
198.0
199.0
202.0
207.0
207.0
214.0
214.0
219.0
221.0
226.0
229.0
232.0
237.0
237.0
238.0
246.0
250.0
252.0
257.0
259.0
264.0
265.0
272.0
272.0
279.0
281.0
282.0
285.0
292.0
297.0
300.0
304.0
307.0
307.0
311.0
316.0
321.0
327.0
332.0
332.0
335.0
338.0
344.0
346.0
351.0
356.0
356.0
364.0
369.0
369.0
373.0
378.0
379.0
386.0
388.0
394.0
397.0
404.0
409.0
413.0
411.0
419.0
419.0
424.0
429.0
436.0
433.0
440.0
445.0
448.0
456.0
461.0
461.0
465.0
471.0
476.0
480.0
481.0
486.0
491.0
495.0
499.0
503.0
508.0
512.0
517.0
517.0
523.0
530.0
534.0
538.0
544.0
548.0
551.0
554.0
558.0
561.0
567.0
575.0
576.0
580.0
584.0
588.0
593.0
597.0
603.0
609.0
610.0
616.0
623.0
622.0
628.0
631.0
635.0
642.0
647.0
651.0
657.0
661.0
663.0
664.0
673.0
676.0
681.0
686.0
692.0
691.0
696.0
704.0
706.0
712.0
717.0
719.0
724.0
730.0
732.0
734.0
745.0
744.0
751.0
756.0
759.0
764.0
767.0
770.0
779.0
781.0
785.0
794.0
793.0
797.0
804.0
808.0
811.0
817.0
821.0
824.0
829.0
832.0
836.0
841.0
848.0
853.0
848.0
862.0
865.0
864.0
873.0
879.0
880.0
885.0
888.0
896.0
898.0
899.0
905.0
910.0
913.0
919.0
925.0
925.0
929.0
939.0
937.0
943.0
948.0
951.0
954.0
961.0
963.0
970.0
973.0
976.0
979.0
980.0
987.0
991.0
995.0
1003.0
1005.0
1005.0
1010.0
1015.0
1020.0
1026.0
1029.0
1031.0
1032.0
1040.0
1044.0
1047.0
1047.0
1050.0
1058.0
1061.0
1067.0
1068.0
1073.0
1079.0
1076.0
1084.0
1085.0
1089.0
1096.0
1098.0
1100.0
1105.0
1108.0
1110.0
1114.0
1115.0
1120.0
1125.0
1126.0
1132.0
1137.0
1139.0
1144.0
1145.0
1145.0
1150.0
1154.0
1155.0
1163.0
1164.0
1170.0
1171.0
1177.0
1175.0
1179.0
1182.0
1190.0
1191.0
1194.0
1195.0
1197.0
1201.0
1205.0
1208.0
1210.0
1210.0
1215.0
1217.0
1222.0
1226.0
1226.0
1230.0
1233.0
1237.0
1235.0
1240.0
1244.0
1246.0
1248.0
1253.0
1251.0
1256.0
1255.0
1260.0
1260.0
1267.0
1267.0
1267.0
1274.0
1274.0
1277.0
1278.0
1281.0
1284.0
1286.0
1288.0
1292.0
1293.0
1294.0
1299.0
1299.0
1302.0
1304.0
1303.0
1306.0
1307.0
1311.0
1315.0
1317.0
1319.0
1320.0
1317.0
1322.0
1326.0
1325.0
1328.0
1328.0
1329.0
1334.0
1334.0
1334.0
1339.0
1339.0
1340.0
1343.0
1344.0
1346.0
1346.0
1347.0
1349.0
1349.0
1355.0
1353.0
1352.0
1356.0
1354.0
1355.0
1358.0
1358.0
1364.0
1360.0
1362.0
1361.0
1363.0
1365.0
1365.0
1367.0
1368.0
1369.0
1371.0
1371.0
1369.0
1373.0
1373.0
1374.0
1374.0
1376.0
1375.0
1377.0
1376.0
1375.0
1375.0
1377.0
1380.0
1379.0
1383.0
1379.0
1380.0
1380.0
1379.0
1380.0
1382.0
1383.0
1382.0
1385.0
1383.0
1383.0
1383.0
1384.0
1382.0
1383.0
1382.0
1384.0
1385.0
1383.0
1382.0
1379.0
1379.0
1379.0
1378.0
1381.0
1378.0
1379.0
1379.0
1378.0
1379.0
1378.0
1375.0
1375.0
1377.0
1375.0
1373.0
1376.0
1374.0
1375.0
1371.0
1373.0
1373.0
1369.0
1369.0
1371.0
1367.0
1364.0
1369.0
1363.0
1363.0
1364.0
1360.0
1364.0
1360.0
1358.0
1358.0
1357.0
1355.0
1353.0
1355.0
1353.0
1352.0
1350.0
1346.0
1343.0
1346.0
1344.0
1342.0
1341.0
1339.0
1337.0
1335.0
1335.0
1333.0
1332.0
1331.0
1330.0
1328.0
1327.0
1323.0
1322.0
1318.0
1319.0
1318.0
1316.0
1314.0
1313.0
1308.0
1310.0
1305.0
1303.0
1299.0
1300.0
1295.0
1292.0
1289.0
1290.0
1286.0
1284.0
1284.0
1280.0
1280.0
1277.0
1273.0
1271.0
1271.0
1266.0
1267.0
1263.0
1261.0
1258.0
1247.0
1253.0
1249.0
1251.0
1247.0
1245.0
1240.0
1238.0
1237.0
1234.0
1230.0
1228.0
1221.0
1219.0
1218.0
1215.0
1211.0
1207.0
1207.0
1205.0
1200.0
1198.0
1197.0
1191.0
1186.0
1187.0
1183.0
1183.0
1178.0
1173.0
1173.0
1167.0
1168.0
1162.0
1158.0
1152.0
1150.0
1145.0
1146.0
1142.0
1143.0
1134.0
1131.0
1127.0
1123.0
1118.0
1119.0
1115.0
1112.0
1110.0
1106.0
1103.0
1097.0
1093.0
1088.0
1088.0
1084.0
1077.0
1074.0
1071.0
1070.0
1067.0
1060.0
1059.0
1054.0
1049.0
1048.0
1045.0
1035.0
1036.0
1029.0
1030.0
1021.0
1017.0
1013.0
1009.0
1006.0
1004.0
1001.0
993.0
991.0
985.0
984.0
978.0
973.0
971.0
969.0
963.0
958.0
954.0
949.0
946.0
946.0
936.0
935.0
931.0
925.0
922.0
917.0
911.0
911.0
907.0
900.0
898.0
891.0
891.0
885.0
881.0
873.0
872.0
867.0
861.0
859.0
855.0
852.0
847.0
841.0
838.0
831.0
830.0
826.0
818.0
817.0
814.0
805.0
805.0
800.0
797.0
788.0
788.0
778.0
777.0
771.0
767.0
761.0
759.0
754.0
751.0
747.0
741.0
740.0
730.0
728.0
726.0
721.0
713.0
712.0
708.0
702.0
696.0
691.0
687.0
689.0
679.0
674.0
672.0
666.0
661.0
657.0
655.0
649.0
646.0
642.0
636.0
631.0
626.0
623.0
619.0
617.0
612.0
606.0
600.0
600.0
594.0
588.0
588.0
582.0
574.0
571.0
565.0
559.0
556.0
551.0
549.0
548.0
543.0
535.0
532.0
529.0
524.0
519.0
519.0
512.0
508.0
504.0
499.0
494.0
489.0
485.0
486.0
479.0
476.0
469.0
466.0
462.0
458.0
452.0
447.0
445.0
443.0
439.0
431.0
428.0
426.0
421.0
416.0
409.0
411.0
408.0
400.0
396.0
391.0
391.0
384.0
382.0
377.0
375.0
370.0
367.0
367.0
360.0
355.0
349.0
349.0
345.0
341.0
336.0
334.0
327.0
326.0
321.0
316.0
313.0
308.0
307.0
300.0
299.0
296.0
292.0
285.0
284.0
280.0
278.0
274.0
268.0
265.0
263.0
262.0
257.0
250.0
246.0
242.0
241.0
239.0
233.0
230.0
231.0
223.0
221.0
217.0
212.0
209.0
207.0
205.0
200.0
198.0
197.0
194.0
188.0
184.0
180.0
180.0
177.0
174.0
171.0
169.0
163.0
162.0
160.0
155.0
152.0
151.0
148.0
144.0
143.0
141.0
136.0
133.0
132.0
131.0
129.0
125.0
125.0
119.0
116.0
113.0
107.0
109.0
103.0
102.0
100.0
101.0
98.0
91.0
95.0
89.0
89.0
81.0
85.0
80.0
77.0
75.0
80.0
76.0
71.0
68.0
66.0
64.0
60.0
58.0
58.0
55.0
54.0
54.0
53.0
48.0
48.0
48.0
42.0
41.0
40.0
37.0
40.0
38.0
32.0
33.0
28.0
28.0
27.0
28.0
24.0
23.0
24.0
24.0
20.0
17.0
16.0
18.0
16.0
16.0
12.0
12.0
12.0
10.0
9.0
6.0
5.0
8.0
3.0
2.0
5.0
2.0
4.0
2.0
2.0
0.0
0.0
0.0
0.0
0.0
0.0
0.0
0.0
0.0
0.0
0.0
0.0
0.0
0.0
0.0
0.0
0.0
0.0
0.0
0.0
0.0
0.0
0.0
0.0
0.0
0.0
0.0
0.0
0.0
0.0
0.0
0.0
0.0
0.0
0.0
0.0
0.0
0.0
0.0
0.0
0.0
0.0
0.0
0.0
0.0
0.0
0.0
0.0
0.0
0.0
0.0
4.0
1.0
0.0
0.0
6.0
2.0
7.0
9.0
8.0
8.0
9.0
10.0
10.0
17.0
15.0
15.0
16.0
16.0
19.0
17.0
21.0
22.0
23.0
24.0
25.0
26.0
26.0
30.0
30.0
32.0
33.0
36.0
37.0
39.0
40.0
43.0
42.0
45.0
46.0
52.0
52.0
53.0
54.0
56.0
59.0
57.0
60.0
62.0
65.0
68.0
72.0
71.0
72.0
77.0
77.0
80.0
81.0
84.0
87.0
90.0
91.0
92.0
94.0
96.0
97.0
103.0
102.0
107.0
110.0
115.0
114.0
118.0
117.0
123.0
124.0
128.0
131.0
132.0
136.0
140.0
145.0
146.0
147.0
152.0
152.0
156.0
158.0
162.0
166.0
167.0
168.0
174.0
176.0
181.0
182.0
185.0
187.0
192.0
193.0
200.0
201.0
203.0
204.0
212.0
215.0
216.0
221.0
221.0
225.0
233.0
231.0
237.0
